4294967294,0
4294967278,131
4294967278,130
4294967278,129
4294967278,128
4294967278,126
4294967278,121
4294967278,119
4294967278,118
4294967278,117
4294967278,115
4294967278,114
4294967278,113
4294967278,111
4294967278,109
4294967278,108
4294967278,107
4294967278,106
4294967278,104
4294967278,103
4294967278,102
4294967278,101
4294967278,100
4294967278,99
4294967278,98
4294967278,96
4294967278,91
4294967278,89
4294967278,87
4294967278,86
4294967278,84
4294967278,83
4294967278,82
4294967278,81
4294967278,80
4294967278,79
4294967278,78
4294967278,73
4294967278,72
4294967278,71
4294967278,70
4294967278,69
4294967278,68
4294967278,67
4294967278,66
4294967278,65
4294967278,64
4294967278,62
4294967279,86
4294967279,85
4294967279,80
4294967279,79
4294967279,78
4294967279,62
4294967279,57
4294967279,55
4294967279,46
4294967279,45
4294967279,43
4294967279,42
4294967279,39
4294967279,37
4294967279,31
4294967279,30
4294967279,28
4294967279,23
4294967279,21
4294967279,20
4294967279,14
4294967279,13
4294967279,12
4294967279,10
4294967294,456
4294967294,632
4294967294,451
4294967294,190
4294967294,1240
4294967279,201
4294967278,132
4294967278,342
4294967278,127
4294967278,125
4294967278,124
4294967278,123
4294967278,122
4294967278,413
4294967278,120
4294967278,116
4294967278,110
4294967278,105
4294967278,95
4294967278,94
4294967278,93
4294967278,92
4294967278,85
4294967278,77
4294967278,76
4294967278,75
4294967278,0
4294967278,346
4294967279,339
4294967279,77
4294967279,75
4294967279,67
4294967279,65
4294967279,64
4294967279,53
4294967279,5
4294967278,354
244,4
244,3
244,2
244,1
4294967294,533
243,4
243,3
243,2
243,1
4294967279,285
242,4
242,3
242,2
242,1
4294967294,448
241,4
241,3
241,2
241,1
240,4
4294967278,171
240,3
240,2
240,1
4294967279,317
4294967279,316
239,4
239,3
239,2
239,1
4294967294,635
4294967294,107
238,4
238,3
238,2
238,1
4294967278,153
237,5
237,4
237,3
237,2
237,1
4294967294,45
4294967294,44
4294967294,1620
4294967294,94
4294967294,96
4294967294,51
4294967294,52
4294967294,43
4294967294,91
4294967294,90
4294967294,87
4294967294,86
4294967294,85
4294967294,84
4294967294,187
4294967294,1622
4294967294,29
4294967294,1621
4294967278,403
4294967278,139
4294967294,876
4294967294,749
4294967294,53
4294967294,28
4294967294,27
4294967278,402
4294967279,362
4294967278,135
4294967278,134
4294967278,133
4294967294,9
4294967294,8
4294967294,6
4294967294,93
4294967294,95
4294967294,460
4294967279,251
233,5
233,4
233,3
233,2
233,1
4294967279,345
4294967278,363
4294967278,386
4294967294,92
4294967294,88
4294967278,396
4294967278,241
4294967294,402
4294967294,170
4294967279,435
4294967279,228
230,5
230,4
4294967279,226
230,3
230,2
230,1
4294967279,434
4294967278,112
4294967279,335
4294967278,432
4294967279,368
4294967279,215
4294967279,212
4294967294,618
4294967294,513
4294967278,214
4294967279,382
4294967278,97
4294967279,211
4294967279,210
4294967279,209
4294967279,206
4294967279,302
227,5
4294967279,204
227,4
227,3
227,2
227,1
4294967278,90
226,5
4294967278,391
226,4
226,3
226,2
226,1
4294967279,327
4294967279,292
225,4
225,3
225,2
225,1
4294967279,409
4294967278,191
224,5
224,4
224,3
224,2
224,1
4294967278,431
4294967278,74
4294967294,663
4294967278,322
4294967279,324
4294967279,185
4294967278,284
223,5
4294967278,183
4294967278,63
4294967278,412
4294967279,68
4294967279,284
4294967278,180
4294967278,282
223,4
223,3
223,2
223,1
4294967279,172
4294967278,169
4294967278,314
221,5
4294967279,433
4294967279,54
221,4
221,3
221,2
221,1
4294967279,311
4294967278,158
219,5
4294967278,268
4294967278,144
219,4
219,3
219,2
219,1
4294967278,390
4294967278,143
4294967279,139
4294967278,138
217,4
217,3
217,2
217,1
4294967279,432
4294967279,359
4294967279,357
4294967278,399
4294967278,430
4294967279,355
4294967294,634
4294967278,398
4294967279,387
4294967278,375
4294967278,347
4294967278,364
4294967278,359
4294967294,625
4294967294,584
4294967294,175
4294967294,576
4294967278,253
4294967294,22
4294967294,17
4294967294,42
4294967294,67
4294967294,99
4294967294,677
4294967294,655
4294967294,633
4294967294,25
4294967294,26
4294967294,82
4294967294,1241
4294967294,83
0,5
4294967294,7
4294967278,373
4294967293,131
4294967293,130
4294967293,129
4294967293,128
4294967293,127
4294967293,126
4294967293,125
4294967293,124
4294967293,123
4294967293,122
4294967293,121
4294967293,120
4294967293,119
4294967293,118
4294967293,117
4294967293,116
4294967293,115
4294967293,114
4294967293,113
4294967293,112
4294967293,111
4294967293,110
4294967293,109
4294967293,108
4294967293,107
4294967293,106
4294967293,105
4294967293,104
4294967293,103
4294967293,102
4294967293,101
4294967293,100
4294967293,99
4294967293,98
4294967293,97
4294967293,96
4294967293,95
4294967293,94
4294967293,93
4294967293,92
4294967293,91
4294967293,90
4294967293,89
4294967293,87
4294967293,86
4294967293,85
4294967293,84
4294967293,83
4294967293,82
4294967293,81
4294967293,80
4294967293,79
4294967293,78
4294967293,77
4294967293,76
4294967293,75
4294967293,74
4294967293,73
4294967293,72
4294967293,71
4294967293,70
4294967293,69
4294967293,68
4294967293,67
4294967293,66
4294967293,65
4294967293,64
4294967293,63
4294967293,62
4294967293,61
4294967293,60
4294967293,59
4294967293,58
4294967293,57
4294967293,56
4294967293,55
4294967293,54
4294967293,53
4294967293,52
4294967293,51
4294967293,50
4294967293,49
4294967293,48
4294967293,47
4294967293,46
4294967293,45
4294967293,44
4294967293,43
4294967293,42
4294967293,41
4294967293,40
4294967293,39
4294967293,38
4294967293,37
4294967293,36
4294967293,35
4294967293,34
4294967293,33
4294967293,32
4294967293,31
4294967293,30
4294967293,29
4294967293,28
4294967293,27
4294967293,26
4294967293,25
4294967293,24
4294967293,23
4294967293,22
4294967293,21
4294967293,20
4294967293,19
4294967293,18
4294967293,17
4294967293,16
4294967293,15
4294967293,14
4294967293,13
4294967293,12
4294967293,11
4294967293,10
4294967293,9
4294967293,8
4294967293,7
4294967293,6
4294967293,5
4294967293,4
4294967293,3
4294967278,34
4294967278,33
4294967278,32
4294967278,30
4294967278,18
4294967278,17
4294967278,16
4294967278,14
4294967278,13
4294967278,10
4294967278,8
4294967278,7
4294967278,6
4294967278,5
4294967279,132
4294967279,127
4294967279,126
4294967279,120
4294967279,114
4294967279,109
4294967279,107
4294967279,174
4294967279,250
216,4
216,3
216,2
216,1
4294967278,247
215,4
4294967278,246
215,3
215,2
215,1
4294967279,309
4294967279,396
4294967279,128
214,5
214,4
214,2
214,1
4294967278,429
4294967279,122
4294967279,121
4294967279,307
4294967279,230
4294967279,225
4294967279,336
4294967279,112
4294967278,222
4294967278,329
4294967279,110
4294967278,357
